  2  20  23  23  23  23  23  23  23  23  23  23  23  23  20   2
 20 171 175 166 166 166 166 166 166 166 166 166 166 175 171  20
 23 175  92  83  87  87  87  87  87  87  87  87  83  92 175  23
 23 166  83 209 230 229 229 229 229 229 229 229 208  83 167  23
 23 166  87 229   3  20  24  24  24  24  21   3 229  87 167  23
 23 166  87 229  20 171 176 167 167 175 172  21 229  87 167  23
 23 166  87 229  24 175  92  83  83  92 175  24 229  87 167  23
 23 166  87 229  24 166  83 209 209  83 167  24 229  87 167  23
 23 166  87 229  24 166  83 209 209  83 167  24 229  87 167  23
 23 166  87 229  24 175  92  83  83  92 175  24 229  87 167  23
 23 166  87 229  20 171 175 167 167 175 172  21 229  87 167  23
 23 166  87 229   3  21  24  24  24  24  21   3 229  87 167  23
 23 166  83 208 229 229 229 229 229 229 229 229 208  83 167  23
 23 175  92  83  87  87  87  87  87  87  87  87  83  92 175  23
 20 171 175 167 167 167 167 167 167 167 167 167 167 175 172  20
  2  20  23  23  23  23  23  23  23  23  23  23  23  23  20   2
  2  20  23  23  23  23  23  23  23  23  23  23  23  23  20   2
 20 171 175 166 166 166 166 166 166 166 166 166 166 175 171  20
 23 175  92  83  87  87  87  87  87  87  87  87  83  91 175  23
 23 166  83 209 230 229 229 229 229 229 229 229 208  82 166  23
 23 166  87 229   3  20  24  24  24  24  20   3 229  86 166  23
 23 166  87 229  20 171 175 166 166 175 171  21 229  86 166  23
 23 166  87 229  24 175  92  83  83  91 175  24 229  86 166  23
 23 166  87 229  24 166  83 209 209  83 166  24 229  86 166  23
 23 166  87 229  24 166  83 209 209  83 167  24 229  86 166  23
 23 166  87 229  24 175  92  83  83  92 175  24 229  86 166  23
 23 166  87 229  20 171 175 167 167 175 172  21 229  86 166  23
 23 166  87 229   3  21  24  24  24  24  21   3 229  86 166  23
 23 166  83 208 229 229 229 229 229 229 229 229 208  82 166  23
 23 175  91  83  87  87  87  87  87  87  87  87  83  91 175  23
 20 171 175 167 167 167 167 167 167 167 167 167 167 175 172  20
  2  20  23  23  23  23  23  23  23  23  23  23  23  23  20   2
  2  20  23  23  23  23  23  23  23  23  23  23  23  23  20   2
 20 171 175 166 166 166 166 166 166 166 166 166 166 175 171  20
 23 175  92  83  87  87  87  87  87  87  87  87  83  92 175  23
 23 166  83 209 230 229 229 229 229 229 229 229 208  83 167  23
 23 166  87 229   3  20  24  24  24  24  21   3 229  87 167  23
 23 166  87 229  20 171 176 167 167 175 172  21 229  87 167  23
 23 166  87 229  24 175  92  83  83  92 175  24 229  87 167  23
 23 166  87 229  24 166  83 209 209  83 167  24 229  87 167  23
 23 166  87 229  24 166  83 209 209  83 167  24 229  87 167  23
 23 166  87 229  24 175  92  83  83  92 175  24 229  87 167  23
 23 166  87 229  20 171 175 167 167 175 172  21 229  87 167  23
 23 166  87 229   3  21  24  24  24  24  21   3 229  87 167  23
 23 166  83 208 229 229 229 229 229 229 229 229 208  83 167  23
 23 175  92  83  87  87  87  87  87  87  87  87  83  92 175  23
 20 171 175 167 167 167 167 167 167 167 167 167 167 175 172  20
  2  20  23  23  23  23  23  23  23  23  23  23  23  23  20   2

  2  20  24  24  24  24  24  24  24  24  24  24  24  24  20   2
 20 171 176 167 167 167 167 167 167 167 167 167 167 176 172  20
 24 175  92  83  87  87  87  87  87  87  87  87  83  92 176  24
 24 166  83 208 229 229 229 229 229 229 229 229 208  83 167  24
 24 166  87 229   4  21  25  25  25  25  21   4 229  87 167  24
 24 166  87 229  21 172 176 167 167 176 172  21 229  87 167  24
 24 166  87 229  25 176  92  83  83  92 176  25 229  87 167  24
 24 166  87 229  25 167  83 209 209  83 167  25 229  87 167  24
 24 166  87 229  25 167  83 209 209  83 167  25 229  87 167  24
 24 166  87 229  25 176  92  83  83  92 176  25 229  87 167  24
 24 166  87 229  21 172 175 166 166 175 172  21 229  87 167  24
 24 166  87 230   4  21  25  25  25  25  21   4 229  87 167  24
 24 166  83 209 229 229 229 229 229 229 229 229 208  83 167  24
 24 175  92  83  87  87  87  87  87  87  87  87  83  92 176  24
 20 171 175 166 166 166 166 166 166 166 166 166 166 175 171  20
  2  20  24  24  24  24  24  24  24  24  24  24  24  24  20   2
  2  20  24  24  24  24  24  24  24  24  24  24  24  24  20   2
 20 171 176 167 167 167 167 167 167 167 167 167 167 176 172  20
 24 175  92  83  87  87  87  87  87  87  87  87  83  92 176  24
 24 166  83 208 229 229 229 229 229 229 229 229 208  83 167  24
 24 166  87 229   4  21  25  25  25  25  21   4 229  87 167  24
 24 166  87 229  21 172 176 167 167 176 172  21 229  87 167  24
 24 166  87 229  25 175  92  83  83  92 176  25 229  87 167  24
 24 166  87 229  25 166  83 209 209  83 167  25 229  87 167  24
 24 166  87 229  25 166  83 209 209  83 167  25 229  87 167  24
 24 166  87 229  25 175  92  83  83  92 176  25 229  87 167  24
 24 166  87 229  21 171 175 166 166 175 172  21 229  87 167  24
 24 166  87 230   4  21  25  25  25  25  21   4 229  87 167  24
 24 166  83 209 229 229 229 229 229 229 229 229 208  83 167  24
 24 175  92  83  87  87  87  87  87  87  87  87  83  92 176  24
 20 171 175 166 166 166 166 166 166 166 166 166 166 175 171  20
  2  20  24  24  24  24  24  24  24  24  24  24  24  24  20   2
  2  20  24  24  24  24  24  24  24  24  24  24  24  24  20   2
 20 171 176 167 167 167 167 167 167 167 167 167 167 176 172  20
 24 175  92  83  87  87  87  87  87  87  87  87  83  92 176  24
 24 166  83 208 229 229 229 229 229 229 229 229 208  83 167  24
 24 166  87 229   4  21  25  25  25  25  21   4 229  87 167  24
 24 166  87 229  21 172 176 167 167 176 172  21 229  87 167  24
 24 166  87 229  25 176  92  83  83  92 176  25 229  87 167  24
 24 166  87 229  25 167  83 209 209  83 167  25 229  87 167  24
 24 166  87 229  25 167  83 209 209  83 167  25 229  87 167  24
 24 166  87 229  25 176  92  83  83  92 176  25 229  87 167  24
 24 166  87 229  21 172 175 166 166 175 172  21 229  87 167  24
 24 166  87 230   4  21  25  25  25  25  21   4 229  87 167  24
 24 166  83 209 229 229 229 229 229 229 229 229 208  83 167  24
 24 175  92  83  87  87  87  87  87  87  87  87  83  92 176  24
 20 171 175 166 166 166 166 166 166 166 166 166 166 175 171  20
  2  20  24  24  24  24  24  24  24  24  24  24  24  24  20   2

  2  20  23  23  23  23  23  23  23  23  23  23  23  23  20   2
 20 172 175 167 167 167 167 167 167 167 167 167 167 175 171  20
 23 175  92  83  87  87  87  87  87  87  87  87  83  92 175  23
 23 167  83 208 229 229 229 229 229 229 229 229 208  83 166  23
 23 167  87 229   3  21  24  24  24  24  21   3 229  87 166  23
 23 167  87 229  21 172 175 167 167 175 171  20 229  87 166  23
 23 167  87 229  24 175  92  83  83  92 175  24 229  87 166  23
 23 167  87 229  24 167  83 209 209  83 166  24 229  87 166  23
 23 167  87 229  24 167  83 209 209  83 166  24 229  87 166  23
 23 167  87 229  24 175  92  83  83  92 175  24 229  87 166  23
 23 167  87 229  21 172 175 167 167 176 171  20 229  87 166  23
 23 167  87 229   3  21  24  24  24  24  20   3 229  87 166  23
 23 167  83 208 229 229 229 229 229 229 229 230 209  83 166  23
 23 175  92  83  87  87  87  87  87  87  87  87  83  92 175  23
 20 171 175 166 166 166 166 166 166 166 166 166 166 175 171  20
  2  20  23  23  23  23  23  23  23  23  23  23  23  23  20   2
  2  20  23  23  23  23  23  23  23  23  23  23  23  23  20   2
 20 172 175 167 167 167 167 167 167 167 167 167 167 175 171  20
 23 175  91  83  87  87  87  87  87  87  87  87  83  91 175  23
 23 166  82 208 229 229 229 229 229 229 229 229 208  83 166  23
 23 166  86 229   3  21  24  24  24  24  21   3 229  87 166  23
 23 166  86 229  21 172 175 167 167 175 171  20 229  87 166  23
 23 166  86 229  24 175  92  83  83  92 175  24 229  87 166  23
 23 166  86 229  24 167  83 209 209  83 166  24 229  87 166  23
 23 166  86 229  24 166  83 209 209  83 166  24 229  87 166  23
 23 166  86 229  24 175  91  83  83  92 175  24 229  87 166  23
 23 166  86 229  21 171 175 166 166 175 171  20 229  87 166  23
 23 166  86 229   3  20  24  24  24  24  20   3 229  87 166  23
 23 166  82 208 229 229 229 229 229 229 229 230 209  83 166  23
 23 175  91  83  87  87  87  87  87  87  87  87  83  92 175  23
 20 171 175 166 166 166 166 166 166 166 166 166 166 175 171  20
  2  20  23  23  23  23  23  23  23  23  23  23  23  23  20   2
  2  20  23  23  23  23  23  23  23  23  23  23  23  23  20   2
 20 172 175 167 167 167 167 167 167 167 167 167 167 175 171  20
 23 175  92  83  87  87  87  87  87  87  87  87  83  92 175  23
 23 167  83 208 229 229 229 229 229 229 229 229 208  83 166  23
 23 167  87 229   3  21  24  24  24  24  21   3 229  87 166  23
 23 167  87 229  21 172 175 167 167 175 171  20 229  87 166  23
 23 167  87 229  24 175  92  83  83  92 175  24 229  87 166  23
 23 167  87 229  24 167  83 209 209  83 166  24 229  87 166  23
 23 167  87 229  24 167  83 209 209  83 166  24 229  87 166  23
 23 167  87 229  24 175  92  83  83  92 175  24 229  87 166  23
 23 167  87 229  21 172 175 167 167 176 171  20 229  87 166  23
 23 167  87 229   3  21  24  24  24  24  20   3 229  87 166  23
 23 167  83 208 229 229 229 229 229 229 229 230 209  83 166  23
 23 175  92  83  87  87  87  87  87  87  87  87  83  92 175  23
 20 171 175 166 166 166 166 166 166 166 166 166 166 175 171  20
  2  20  23  23  23  23  23  23  23  23  23  23  23  23  20   2

  2  20  24  24  24  24  24  24  24  24  24  24  24  24  20   2
 20 171 175 166 166 166 166 166 166 166 166 166 166 175 171  20
 24 176  92  83  87  87  87  87  87  87  87  87  83  92 175  24
 24 167  83 208 229 229 229 229 229 229 229 229 209  83 166  24
 24 167  87 229   4  21  25  25  25  25  21   4 230  87 166  24
 24 167  87 229  21 172 175 166 166 175 172  21 229  87 166  24
 24 167  87 229  25 176  92  83  83  92 176  25 229  87 166  24
 24 167  87 229  25 167  83 209 209  83 167  25 229  87 166  24
 24 167  87 229  25 167  83 209 209  83 167  25 229  87 166  24
 24 167  87 229  25 176  92  83  83  92 176  25 229  87 166  24
 24 167  87 229  21 172 176 167 167 176 172  21 229  87 166  24
 24 167  87 229   4  21  25  25  25  25  21   4 229  87 166  24
 24 167  83 208 229 229 229 229 229 229 229 229 208  83 166  24
 24 176  92  83  87  87  87  87  87  87  87  87  83  92 175  24
 20 172 176 167 167 167 167 167 167 167 167 167 167 176 171  20
  2  20  24  24  24  24  24  24  24  24  24  24  24  24  20   2
  2  20  24  24  24  24  24  24  24  24  24  24  24  24  20   2
 20 171 175 166 166 166 166 166 166 166 166 166 166 175 171  20
 24 176  92  83  87  87  87  87  87  87  87  87  83  92 175  24
 24 167  83 208 229 229 229 229 229 229 229 229 209  83 166  24
 24 167  87 229   4  21  25  25  25  25  21   4 230  87 166  24
 24 167  87 229  21 172 175 166 166 175 171  21 229  87 166  24
 24 167  87 229  25 176  92  83  83  92 175  25 229  87 166  24
 24 167  87 229  25 167  83 209 209  83 166  25 229  87 166  24
 24 167  87 229  25 167  83 209 209  83 166  25 229  87 166  24
 24 167  87 229  25 176  92  83  83  92 175  25 229  87 166  24
 24 167  87 229  21 172 176 167 167 176 172  21 229  87 166  24
 24 167  87 229   4  21  25  25  25  25  21   4 229  87 166  24
 24 167  83 208 229 229 229 229 229 229 229 229 208  83 166  24
 24 176  92  83  87  87  87  87  87  87  87  87  83  92 175  24
 20 172 176 167 167 167 167 167 167 167 167 167 167 176 171  20
  2  20  24  24  24  24  24  24  24  24  24  24  24  24  20   2
  2  20  24  24  24  24  24  24  24  24  24  24  24  24  20   2
 20 171 175 166 166 166 166 166 166 166 166 166 166 175 171  20
 24 176  92  83  87  87  87  87  87  87  87  87  83  92 175  24
 24 167  83 208 229 229 229 229 229 229 229 229 209  83 166  24
 24 167  87 229   4  21  25  25  25  25  21   4 230  87 166  24
 24 167  87 229  21 172 175 166 166 175 172  21 229  87 166  24
 24 167  87 229  25 176  92  83  83  92 176  25 229  87 166  24
 24 167  87 229  25 167  83 209 209  83 167  25 229  87 166  24
 24 167  87 229  25 167  83 209 209  83 167  25 229  87 166  24
 24 167  87 229  25 176  92  83  83  92 176  25 229  87 166  24
 24 167  87 229  21 172 176 167 167 176 172  21 229  87 166  24
 24 167  87 229   4  21  25  25  25  25  21   4 229  87 166  24
 24 167  83 208 229 229 229 229 229 229 229 229 208  83 166  24
 24 176  92  83  87  87  87  87  87  87  87  87  83  92 175  24
 20 172 176 167 167 167 167 167 167 167 167 167 167 176 171  20
  2  20  24  24  24  24  24  24  24  24  24  24  24  24  20   2
